137
196
167
138
107
136
166
195
226
197
198
168
139
108
78
77
106
135
165
194
225
255
256
227
228
199
169
140
109
79
53
52
76
105
134
164
193
224
254
285
286
257
258
259
229
200
170
141
110
80
54
33
32
51
75
104
133
163
192
223
253
284
309
310
311
287
288
289
260
230
201
171
142
111
81
55
34
18
7
17
31
50
74
103
132
162
191
222
252
283
308
330
331
312
313
314
290
261
231
202
172
143
112
82
56
35
19
8
2
16
30
49
73
102
131
161
190
221
251
282
307
329
315
291
262
232
203
83
57
36
20
9
3
1
6
15
29
48
72
101
130
160
189
220
250
281
306
328
316
292
263
233
204
173
144
113
84
58
37
21
10
4
5
14
28
47
71
100
129
159
188
219
249
280
305
327
317
293
264
234
205
174
145
114
85
59
38
22
11
12
13
27
46
70
99
128
158
187
218
248
279
304
326
318
294
265
266
235
206
175
146
115
86
60
39
23
24
25
26
45
69
98
127
157
186
217
247
278
277
303
325
236
207
176
147
116
87
61
40
41
42
43
44
68
97
126
156
185
216
246
276
302
324
319
295
267
237
177
148
117
88
62
63
64
65
66
67
96
125
155
184
215
245
275
301
323
320
296
268
238
208
178
149
118
89
90
91
92
93
94
95
124
154
183
214
244
274
300
322
321
297
269
239
209
179
150
119
120
121
122
123
153
182
213
243
273
299
298
270
240
210
180
151
152
181
212
242
272
271
211
241
